# R 1
0.984808 -0.173648 0.000000
0.173648 0.984808 0.000000
0.000000 0.000000 1.000000
# T 1
5.000000 0.000000 5.000000 

# R 2
0.965926 0.000000 0.258819
0.000000 1.000000 0.000000
-0.258819 0.000000 0.965926
# T 2
0.000000 -3.000000 10.000000

# R 3
1.000000 0.000000 0.000000
0.000000 0.996195 0.087156
0.000000 -0.087156 0.996195
# T 3
1.000000 2.000000 15.000000
